lastAccountName: youlice789
timestamps:
  login: 1584640499576
  logout: 1584643946126
ipAddress: 86.217.69.25
logoutlocation:
  world: creative2
  x: -355.5607636209955
  y: 93.85167024730595
  z: 899.4047685646917
  yaw: -113.02759
  pitch: 48.946564
