lastAccountName: naruto53960
timestamps:
  login: 1583442713301
  logout: 1583442878896
ipAddress: 31.205.238.169
logoutlocation:
  world: creative
  x: 142.51183310176307
  y: 14.5
  z: 256.18681652653714
  yaw: -61.855713
  pitch: 40.45326
