lastAccountName: logann45
timestamps:
  login: 1586690292217
  logout: 1586690556870
ipAddress: 91.160.63.89
logoutlocation:
  world: world
  x: -1536.743058728702
  y: 63.0
  z: -66.37488382036688
  yaw: -97.672516
  pitch: 9.223808
money: '498.0'
lastlocation:
  world: world
  x: -1454.3700684594462
  y: 71.0
  z: 122.530958674739
  yaw: -273.7423
  pitch: 21.493027
