lastAccountName: Icy_Kookie
timestamps:
  login: 1584286068548
  logout: 1584286292840
ipAddress: 91.160.63.79
money: '500.0'
logoutlocation:
  world: world
  x: -1483.9393535829547
  y: 65.0
  z: -104.96093280195531
  yaw: -292.36414
  pitch: 16.799435
