lastAccountName: Nineball__
timestamps:
  login: 1583164486631
  logout: 1583165410652
ipAddress: 70.36.1.140
logoutlocation:
  world: world
  x: -1537.4211859853597
  y: 65.0
  z: 20.65989079926941
  yaw: 2.338745
  pitch: 11.549982
money: '500.0'
