lastAccountName: tritaon
timestamps:
  login: 1584816002600
  logout: 1584818387569
ipAddress: 90.109.33.211
logoutlocation:
  world: creative2
  x: -255.70029036986807
  y: 75.86996728208278
  z: 881.2814241846365
  yaw: -351.68994
  pitch: 26.399502
