lastAccountName: NeoNexus
timestamps:
  login: 1585406552385
  logout: 1585407725101
ipAddress: 91.160.63.89
logoutlocation:
  world: world
  x: -1451.1395721979643
  y: 76.0
  z: 32.02879886600563
  yaw: 289.23975
  pitch: -15.750511
money: '1100.0'
lastlocation:
  world: world
  x: -1542.5
  y: 83.0000002
  z: -30.5
  yaw: -7.350001
  pitch: 28.500002
