lastAccountName: Sir_Moumoule
timestamps:
  login: 1584815663177
  logout: 1584815936808
ipAddress: 86.217.69.25
logoutlocation:
  world: creative2
  x: -265.7825182870212
  y: 71.02215677469046
  z: 898.7559711579091
  yaw: -120.22583
  pitch: 12.150187
