lastAccountName: Merifff
timestamps:
  login: 1585244205076
  logout: 1585250255269
ipAddress: 90.105.137.86
logoutlocation:
  world: world
  x: -1508.8374851774468
  y: 64.0
  z: -8.267321746537608
  yaw: 170.02417
  pitch: 7.649966
